{
 "cells": [
  {
   "cell_type": "markdown",
   "id": "68d333c4",
   "metadata": {},
   "source": [
    "pip install mlxtend \n",
    "\n"
   ]
  },
  {
   "cell_type": "code",
   "execution_count": 1,
   "id": "545f26c1",
   "metadata": {},
   "outputs": [],
   "source": [
    "import seaborn as sns\n",
    "import pandas as pd\n"
   ]
  },
  {
   "cell_type": "code",
   "execution_count": 9,
   "id": "36f6d698",
   "metadata": {},
   "outputs": [
    {
     "data": {
      "text/html": [
       "<div>\n",
       "<style scoped>\n",
       "    .dataframe tbody tr th:only-of-type {\n",
       "        vertical-align: middle;\n",
       "    }\n",
       "\n",
       "    .dataframe tbody tr th {\n",
       "        vertical-align: top;\n",
       "    }\n",
       "\n",
       "    .dataframe thead th {\n",
       "        text-align: right;\n",
       "    }\n",
       "</style>\n",
       "<table border=\"1\" class=\"dataframe\">\n",
       "  <thead>\n",
       "    <tr style=\"text-align: right;\">\n",
       "      <th></th>\n",
       "      <th>carat</th>\n",
       "      <th>depth</th>\n",
       "      <th>table</th>\n",
       "      <th>price</th>\n",
       "      <th>x</th>\n",
       "      <th>y</th>\n",
       "      <th>z</th>\n",
       "    </tr>\n",
       "  </thead>\n",
       "  <tbody>\n",
       "    <tr>\n",
       "      <th>carat</th>\n",
       "      <td>1.000000</td>\n",
       "      <td>0.028224</td>\n",
       "      <td>0.181618</td>\n",
       "      <td>0.921591</td>\n",
       "      <td>0.975094</td>\n",
       "      <td>0.951722</td>\n",
       "      <td>0.953387</td>\n",
       "    </tr>\n",
       "    <tr>\n",
       "      <th>depth</th>\n",
       "      <td>0.028224</td>\n",
       "      <td>1.000000</td>\n",
       "      <td>-0.295779</td>\n",
       "      <td>-0.010647</td>\n",
       "      <td>-0.025289</td>\n",
       "      <td>-0.029341</td>\n",
       "      <td>0.094924</td>\n",
       "    </tr>\n",
       "    <tr>\n",
       "      <th>table</th>\n",
       "      <td>0.181618</td>\n",
       "      <td>-0.295779</td>\n",
       "      <td>1.000000</td>\n",
       "      <td>0.127134</td>\n",
       "      <td>0.195344</td>\n",
       "      <td>0.183760</td>\n",
       "      <td>0.150929</td>\n",
       "    </tr>\n",
       "    <tr>\n",
       "      <th>price</th>\n",
       "      <td>0.921591</td>\n",
       "      <td>-0.010647</td>\n",
       "      <td>0.127134</td>\n",
       "      <td>1.000000</td>\n",
       "      <td>0.884435</td>\n",
       "      <td>0.865421</td>\n",
       "      <td>0.861249</td>\n",
       "    </tr>\n",
       "    <tr>\n",
       "      <th>x</th>\n",
       "      <td>0.975094</td>\n",
       "      <td>-0.025289</td>\n",
       "      <td>0.195344</td>\n",
       "      <td>0.884435</td>\n",
       "      <td>1.000000</td>\n",
       "      <td>0.974701</td>\n",
       "      <td>0.970772</td>\n",
       "    </tr>\n",
       "    <tr>\n",
       "      <th>y</th>\n",
       "      <td>0.951722</td>\n",
       "      <td>-0.029341</td>\n",
       "      <td>0.183760</td>\n",
       "      <td>0.865421</td>\n",
       "      <td>0.974701</td>\n",
       "      <td>1.000000</td>\n",
       "      <td>0.952006</td>\n",
       "    </tr>\n",
       "    <tr>\n",
       "      <th>z</th>\n",
       "      <td>0.953387</td>\n",
       "      <td>0.094924</td>\n",
       "      <td>0.150929</td>\n",
       "      <td>0.861249</td>\n",
       "      <td>0.970772</td>\n",
       "      <td>0.952006</td>\n",
       "      <td>1.000000</td>\n",
       "    </tr>\n",
       "  </tbody>\n",
       "</table>\n",
       "</div>"
      ],
      "text/plain": [
       "          carat     depth     table     price         x         y         z\n",
       "carat  1.000000  0.028224  0.181618  0.921591  0.975094  0.951722  0.953387\n",
       "depth  0.028224  1.000000 -0.295779 -0.010647 -0.025289 -0.029341  0.094924\n",
       "table  0.181618 -0.295779  1.000000  0.127134  0.195344  0.183760  0.150929\n",
       "price  0.921591 -0.010647  0.127134  1.000000  0.884435  0.865421  0.861249\n",
       "x      0.975094 -0.025289  0.195344  0.884435  1.000000  0.974701  0.970772\n",
       "y      0.951722 -0.029341  0.183760  0.865421  0.974701  1.000000  0.952006\n",
       "z      0.953387  0.094924  0.150929  0.861249  0.970772  0.952006  1.000000"
      ]
     },
     "execution_count": 9,
     "metadata": {},
     "output_type": "execute_result"
    }
   ],
   "source": [
    "df = sns.load_dataset(\"diamonds\")\n",
    "# df.corr()\n",
    "\n",
    "df.select_dtypes(include=['number']).corr()"
   ]
  },
  {
   "cell_type": "code",
   "execution_count": null,
   "id": "50835aa9",
   "metadata": {},
   "outputs": [],
   "source": []
  }
 ],
 "metadata": {
  "kernelspec": {
   "display_name": "base",
   "language": "python",
   "name": "python3"
  },
  "language_info": {
   "codemirror_mode": {
    "name": "ipython",
    "version": 3
   },
   "file_extension": ".py",
   "mimetype": "text/x-python",
   "name": "python",
   "nbconvert_exporter": "python",
   "pygments_lexer": "ipython3",
   "version": "3.12.7"
  }
 },
 "nbformat": 4,
 "nbformat_minor": 5
}
